0.00742
0.01492
0.02167
0.02652
0.03070
0.03278
0.03427
0.03445
0.03433
0.03342
0.03265
0.03174
0.03149
0.03156
0.03223
0.03320
0.03452
0.03629
0.03799
0.04034
0.04266
0.04550
0.04773
0.05017
0.05127
0.05182
0.05103
0.05029
0.04962
0.04968
0.05029
0.05115
0.05139
0.05066
0.05072
0.05392
0.06442
0.08286
0.10971
0.14011
0.16129
0.16049
0.13187
0.08038
0.02744
-0.01645
-0.04865
-0.07001
-0.08655
-0.09857
-0.10208
-0.09439
-0.07614
-0.05133
-0.02344
0.00516
0.03259
0.05612
0.07590
0.09384
0.10959
0.12506
0.14029
0.15393
0.16577
0.17554
0.18134
0.18021
0.16751
0.13776
0.09662
0.05109
0.01160
-0.01074
-0.01337
0.00336
0.03586
0.08087
0.13446
0.17935
0.20398
0.20523
0.19009
0.16678
0.13821
0.10913
0.08408
0.06570
0.05188
0.04422
0.03702
0.02905
0.01852
0.00705
-0.00336
-0.00644
0.00116
0.01355
0.01779
-0.00378
-0.05527
-0.15381
-0.29590
-0.52557
-0.72607
-0.75671
-0.65604
-0.51611
-0.40604
-0.32376
-0.26212
-0.21051
-0.16995
-0.13574
-0.10434
-0.07782
-0.05151
-0.02707
-0.00049
0.02325
0.04797
0.07031
0.08997
0.10471
0.11584
0.11905
0.16910
0.29718
0.37170
0.34769
0.27548
0.20822
0.17200
0.16406
0.17673
0.20441
0.24301
0.29028
0.32758
0.35431
0.35739
0.33392
0.30112
0.26254
0.21979
0.18008
0.14600
0.11835
0.09961
0.08600
0.07425
0.06165
0.04987
0.04193
0.04532
0.06067
0.08176
0.09644
0.09534
0.07880
0.05066
0.01904
-0.01233
-0.04156
-0.06601
-0.08698
-0.10889
-0.13385
-0.16516
-0.19772
-0.22083
-0.21399
-0.17032
-0.09619
-0.02356
0.03033
0.06073
0.07117
0.07111
0.06540
0.05780
0.04846
0.03912
0.02893
0.01984
0.01056
0.00183
-0.00760
-0.01675
-0.02695
-0.03561
-0.04361
-0.04907
-0.05121
-0.04980
-0.04495
-0.03857
-0.03162
-0.02780
-0.02530
-0.02744
-0.03119
-0.03888
-0.04660
-0.05582
-0.06265
-0.06799
-0.07062
-0.07266
-0.07443
-0.07672
-0.08121
-0.08594
-0.09164
-0.09158
-0.08850
-0.07916
-0.07910
-0.09183
-0.13501
-0.20847
-0.33600
-0.55759
-0.84778
-0.99997
-0.97751
-0.81274
-0.62491
-0.47336
-0.36444
-0.27716
-0.20926
-0.15417
-0.11246
-0.07510
-0.04453
-0.01688
0.00510
0.02621
0.04169
0.05441
0.06363
0.06903
0.07162
0.07162
0.07050
0.06812
0.06577
0.06265
0.06128
0.05963
0.05969
0.05975
0.06085
0.06183
0.06345
0.06497
0.06696
0.06885
0.07056
0.07193
0.07242
0.07193
0.06970
0.06744
0.06448
0.06277
0.06128
0.06061
0.05957
0.05817
0.05618
0.05557
0.05823
0.06631
0.07904
0.09372
0.10553
0.10687
0.09457
0.07031
0.04306
0.01883
0.00128
-0.01123
-0.02014
-0.02725
-0.03217
-0.03271
-0.02756
-0.01706
-0.00354
0.01105
0.02554
0.03757
0.04684
0.05392
0.05920
0.06290
0.06583
0.06805
0.06897
0.06934
0.06885
0.06726
0.06387
0.05737
0.04810
0.03726
0.02713
0.01947
0.01645
0.01804
0.02432
0.03360
0.04526
0.05908
0.07297
0.08667
0.09906
0.10773
0.11191
0.11111
0.10699
0.10275
0.10141
0.10446
0.11032
0.11597
0.11682
0.11020
0.10001
0.09232
0.09753
0.11142
0.12082
0.10657
0.05914
-0.02277
-0.15698
-0.30804
-0.36691
-0.33139
-0.27136
-0.21548
-0.16891
-0.13538
-0.10944
-0.08948
-0.07211
-0.05847
-0.04611
-0.03500
-0.02463
-0.01450
-0.00366
0.00711
0.01773
0.02847
0.03839
0.04709
0.05350
0.05890
0.06284
0.10889
0.17996
0.20627
0.18607
0.14752
0.11942
0.10583
0.10373
0.10797
0.11002
0.10687
0.10110
0.09409
0.08600
0.07654
0.06662
0.05618
0.04501
0.03488
0.02597
0.01871
0.01318
0.00931
0.00632
0.00348
0.00092
-0.00122
-0.00214
-0.00098
0.00177
0.00485
0.00613
0.00491
0.00171
-0.00262
-0.00711
-0.01129
-0.01480
-0.01755
-0.01990
-0.02240
-0.02524
-0.02841
-0.03113
-0.03156
-0.02847
-0.02216
-0.01410
-0.00723
-0.00269
-0.00024
0.00055
0.00061
0.00031
-0.00018
-0.00073
-0.00140
-0.00208
-0.00269
-0.00317
-0.00378
-0.00439
-0.00497
-0.00558
-0.00607
-0.00638
-0.00644
-0.00620
-0.00565
-0.00485
-0.00397
-0.00330
-0.00275
-0.00250
-0.00250
-0.00256
-0.00275
-0.00287
-0.00299
-0.00299
-0.00287
-0.00269
-0.00244
-0.00220
-0.00195
-0.00177
-0.00153
-0.00122
-0.00085
-0.00024
0.00000
0.00000
0.00000
0.00000
0.00000
0.00000
0.00000
0.00000
0.00000
0.00000
0.00000
0.00000
0.00000
0.00000
0.00000
0.00000
0.00000
0.00000
0.00000
0.00000
0.00000
0.00000
0.00000
0.00000
0.00000
0.00000
0.00000
0.00000
0.00000
0.00000
0.00000
0.00000
0.00000
0.00000
0.00000
0.00000
0.00000
0.00000
0.00000
0.00000
0.00000
0.00000
0.00000
0.00000
0.00000
0.00000
0.00000
0.00000
0.00000
0.00000
0.00000
0.00000
0.00000
0.00000
0.00000
0.00000
0.00000
0.00000
0.00000
0.00000
0.00000
0.00000
0.00000
0.00000
0.00012
0.00043
0.00061
0.00049
0.00006
-0.00055
-0.00146
-0.00250
-0.00354
-0.00452
-0.00571
-0.00699
-0.00851
-0.01050
-0.01221
-0.01306
-0.01227
-0.00977
-0.00644
-0.00330
-0.00110
0.00006
0.00037
0.00043
0.00012
-0.00024
-0.00085
-0.00146
-0.00220
-0.00293
-0.00372
-0.00464
-0.00565
-0.00687
-0.00803
-0.00931
-0.01031
-0.01099
-0.01111
-0.01080
-0.00983
-0.00876
-0.00766
-0.00711
-0.00705
-0.00760
-0.00864
-0.01007
-0.01172
-0.01331
-0.01480
-0.01578
-0.01663
-0.01712
-0.01791
-0.01877
-0.02051
-0.02185
-0.02332
-0.02301
-0.02179
-0.02039
-0.02271
-0.03113
-0.04834
-0.07983
-0.12787
-0.21307
-0.29282
-0.31812
-0.29614
-0.23752
-0.18555
-0.14410
-0.11331
-0.08636
-0.06650
-0.04932
-0.03494
-0.02252
-0.01154
-0.00177
