0.00232
0.20724
0.21957
0.23184
0.24417
0.25644
0.26871
0.28104
0.29330
0.30563
0.31790
0.33017
0.34250
0.35477
0.36707
0.37933
0.39166
0.40393
0.41620
0.42847
0.44073
0.45300
0.46521
0.47751
0.48978
0.50204
0.51425
0.52652
0.53876
0.55103
0.56323
0.57550
0.58768
0.60001
0.61209
0.62448
0.63644
0.64874
0.64780
0.64081
0.63507
0.62866
0.62265
0.61636
0.61032
0.60406
0.59790
0.59167
0.58551
0.57928
0.57306
0.56686
0.56064
0.55441
0.54822
0.54193
0.53571
0.52945
0.52316
0.51691
0.51062
0.50436
0.49805
0.49176
0.48544
0.47913
0.47278
0.46646
0.46014
0.45377
0.44745
0.44107
0.43469
0.42831
0.42194
0.41550
0.40912
0.40268
0.39624
0.38980
0.38339
0.37689
0.37045
0.36398
0.35748
0.35098
0.34451
0.33798
0.33148
0.32495
0.31833
0.31180
0.30527
0.29868
0.29208
0.28546
0.27887
0.27228
0.26563
0.25897
0.25235
0.24570
0.23898
0.23233
0.22559
0.21893
0.21216
0.20551
0.19867
0.19205
0.18509
0.17859
0.17169
0.17801
0.19043
0.20151
0.21332
0.22461
0.23624
0.24762
0.25916
0.27057
0.28201
0.29343
0.30484
0.31622
0.32764
0.33899
0.35040
0.36169
0.37305
0.38440
0.39569
0.40701
0.41830
0.42953
0.44086
0.45209
0.46332
0.47458
0.48578
0.49695
0.50815
0.51935
0.53049
0.54166
0.55280
0.56393
0.57501
0.58609
0.59720
0.60828
0.61935
0.63037
0.64142
0.65244
0.66345
0.67444
0.68542
0.69644
0.70737
0.71832
0.72925
0.74017
0.75110
0.76196
0.77289
0.78375
0.79462
0.80542
0.81628
0.82709
0.83792
0.84872
0.85950
0.87024
0.88101
0.89175
0.90247
0.91321
0.92392
0.93469
0.94528
0.95602
0.96658
0.97745
0.98776
0.99854
0.99597
0.98740
0.98010
0.97205
0.96448
0.95651
0.94879
0.94095
0.93317
0.92526
0.91748
0.90961
0.90176
0.89386
0.88599
0.87808
0.87018
0.86224
0.85428
0.84634
0.83841
0.83044
0.82251
0.81451
0.80652
0.79849
0.79050
0.78244
0.77438
0.76639
0.75833
0.75027
0.74219
0.73413
0.72601
0.71790
0.70978
0.70169
0.69357
0.68542
0.67731
0.66913
0.66098
0.65280
0.64459
0.63644
0.62820
0.62000
0.61185
0.60358
0.59534
0.58713
0.57886
0.57065
0.56238
0.55411
0.54584
0.53757
0.52930
0.52097
0.51263
0.50436
0.49603
0.48770
0.47940
0.47107
0.46274
0.45441
0.44598
0.43771
0.42926
0.42105
0.41248
0.40436
0.39587
0.40063
0.41144
0.42096
0.43115
0.44095
0.45102
0.46085
0.47086
0.48068
0.49069
0.50052
0.51047
0.52036
0.53030
0.54016
0.55011
0.56000
0.56989
0.57977
0.58963
0.59952
0.60941
0.61929
0.62918
0.63904
0.64893
0.65881
0.66870
0.67856
0.68845
0.69827
0.70816
0.71802
0.72791
0.73773
0.74762
0.75748
-0.57004
-0.75287
-0.74304
-0.73315
-0.72327
-0.71341
-0.70352
-0.69370
-0.68378
-0.67395
-0.66406
-0.65421
-0.64432
-0.63443
-0.62454
-0.61469
-0.60480
-0.59491
-0.58502
-0.57513
-0.56525
-0.55533
-0.54544
-0.53555
-0.52567
-0.51578
-0.50583
-0.49594
-0.48602
-0.47610
-0.46619
-0.45621
-0.44635
-0.43631
-0.42651
-0.41641
-0.40674
-0.39667
-0.39987
-0.40912
-0.41699
-0.42572
-0.43387
-0.44235
-0.45062
-0.45908
-0.46735
-0.47571
-0.48398
-0.49237
-0.50064
-0.50897
-0.51727
-0.52560
-0.53387
-0.54214
-0.55042
-0.55869
-0.56696
-0.57523
-0.58350
-0.59174
-0.60001
-0.60822
-0.61642
-0.62463
-0.63281
-0.64102
-0.64923
-0.65741
-0.66556
-0.67374
-0.68188
-0.69006
-0.69818
-0.70627
-0.71445
-0.72253
-0.73065
-0.73871
-0.74683
-0.75488
-0.76294
-0.77100
-0.77905
-0.78711
-0.79510
-0.80316
-0.81110
-0.81909
-0.82709
-0.83505
-0.84305
-0.85098
-0.85895
-0.86688
-0.87479
-0.88266
-0.89063
-0.89847
-0.90634
-0.91418
-0.92209
-0.92993
-0.93777
-0.94556
-0.95343
-0.96112
-0.96906
-0.97668
-0.98462
-0.99210
-0.99997
-0.99457
-0.98306
-0.97284
-0.96191
-0.95145
-0.94061
-0.93002
-0.91928
-0.90863
-0.89786
-0.88718
-0.87640
-0.86563
-0.85489
-0.84409
-0.83325
-0.82245
-0.81165
-0.80084
-0.78995
-0.77908
-0.76822
-0.75735
-0.74643
-0.73553
-0.72467
-0.71368
-0.70276
-0.69180
-0.68082
-0.66983
-0.65881
-0.64783
-0.63681
-0.62579
-0.61469
-0.60367
-0.59259
-0.58151
-0.57043
-0.55930
-0.54816
-0.53702
-0.52588
-0.51474
-0.50354
-0.49237
-0.48117
-0.46994
-0.45874
-0.44748
-0.43619
-0.42496
-0.41370
-0.40240
-0.39105
-0.37976
-0.36847
-0.35712
-0.34576
-0.33441
-0.32300
-0.31165
-0.30023
-0.28879
-0.27744
-0.26590
-0.25455
-0.24298
-0.23157
-0.22000
-0.20865
-0.19699
-0.18567
-0.17407
-0.17569
-0.18335
-0.18967
-0.19672
-0.20325
-0.21017
-0.21677
-0.22357
-0.23022
-0.23694
-0.24362
-0.25027
-0.25693
-0.26358
-0.27023
-0.27689
-0.28348
-0.29013
-0.29672
-0.30325
-0.30984
-0.31644
-0.32300
-0.32953
-0.33609
-0.34256
-0.34909
-0.35559
-0.36212
-0.36862
-0.37506
-0.38153
-0.38797
-0.39447
-0.40088
-0.40732
-0.41370
-0.42014
-0.42651
-0.43289
-0.43927
-0.44565
-0.45203
-0.45840
-0.46475
-0.47107
-0.47745
-0.48376
-0.49005
-0.49637
-0.50269
-0.50897
-0.51523
-0.52151
-0.52783
-0.53406
-0.54031
-0.54657
-0.55280
-0.55902
-0.56528
-0.57150
-0.57773
-0.58389
-0.59015
-0.59625
-0.60254
-0.60864
-0.61493
-0.62103
-0.62729
-0.63330
-0.63968
-0.64551
-0.65179
-0.64474
-0.63168
-0.61993
-0.60745
-0.59540
-0.58301
-0.57092
-0.55859
-0.54642
-0.53415
-0.52194
-0.50967
-0.49744
-0.48511
-0.47290
-0.46063
-0.44836
-0.43610
-0.42383
-0.41153
-0.39926
-0.38699
-0.37473
-0.36246
-0.35013
-0.33786
-0.32559
-0.31332
-0.30099
-0.28873
-0.27646
-0.26413
-0.25186
-0.23953
-0.22726
-0.21494
-0.20267
