0.00037
0.00104
0.00214
0.00360
0.00537
0.00751
0.01013
0.01294
0.01617
0.01996
0.02386
0.02820
0.03302
0.03802
0.04321
0.04871
0.05457
0.06049
0.06653
0.07306
0.07941
0.08594
0.09296
0.09991
0.10693
0.11456
0.12207
0.12976
0.13770
0.14606
0.15424
0.16260
0.17126
0.17975
0.18817
0.19696
0.20544
0.21387
0.22272
0.23114
0.23962
0.24823
0.25708
0.26575
0.27448
0.28363
0.29254
0.30145
0.31073
0.31970
0.32861
0.33789
0.34674
0.35547
0.36426
0.37317
0.38171
0.39020
0.39899
0.40735
0.41577
0.42450
0.43286
0.44128
0.44995
0.45837
0.46680
0.47522
0.48383
0.49219
0.50046
0.50882
0.51688
0.52475
0.53275
0.54037
0.54794
0.55569
0.56302
0.57040
0.57779
0.58548
0.59293
0.60043
0.60806
0.61557
0.62283
0.63022
0.63724
0.64407
0.65103
0.65750
0.66385
0.67007
0.67654
0.68283
0.68912
0.69565
0.70200
0.70840
0.71481
0.72104
0.72702
0.73276
0.73862
0.74387
0.74899
0.75430
0.75925
0.76431
0.76956
0.77481
0.78030
0.78561
0.79111
0.79636
0.80130
0.80606
0.81015
0.81375
0.81766
0.82065
0.82376
0.82730
0.83084
0.83511
0.83939
0.84470
0.85037
0.85629
0.86130
0.86630
0.86966
0.87308
0.87302
0.86942
0.87814
0.33417
-0.43976
-0.63168
-0.95059
-0.75357
-0.64444
-0.68448
-0.85544
-0.82675
-0.79361
-0.87265
-0.96768
-0.97305
-0.94516
-0.96506
-0.97989
-0.94150
-0.88547
-0.85458
-0.82736
-0.78476
-0.74545
-0.73080
-0.73196
-0.73428
-0.74606
-0.77286
-0.80624
-0.83731
-0.86386
-0.88901
-0.90756
-0.91470
-0.91196
-0.90286
-0.88675
-0.86618
-0.84409
-0.82394
-0.80899
-0.79959
-0.79764
-0.80380
-0.81699
-0.83572
-0.85886
-0.88278
-0.90591
-0.92636
-0.94156
-0.95114
-0.95468
-0.95248
-0.94577
-0.93576
-0.92484
-0.91434
-0.90610
-0.90140
-0.90109
-0.90536
-0.91428
-0.92630
-0.94052
-0.95621
-0.97055
-0.98306
-0.99277
-0.99838
-0.99997
-0.99777
-0.99216
-0.98428
-0.97519
-0.96548
-0.95694
-0.95010
-0.94528
-0.94308
-0.94315
-0.94522
-0.94833
-0.95175
-0.95468
-0.95633
-0.95572
-0.95267
-0.94644
-0.93777
-0.92661
-0.91287
-0.89835
-0.88321
-0.86789
-0.85269
-0.83896
-0.82632
-0.81442
-0.80374
-0.79367
-0.78323
-0.77261
-0.76102
-0.74734
-0.73233
-0.71524
-0.69620
-0.67453
-0.65195
-0.62827
-0.60287
-0.57809
-0.55344
-0.52823
-0.50436
-0.48120
-0.45758
-0.43518
-0.41284
-0.39014
-0.36609
-0.34198
-0.31677
-0.28949
-0.26202
-0.23364
-0.20319
-0.17322
-0.14313
-0.11188
-0.08203
-0.05280
-0.02417
0.00464
0.03168
0.05811
0.08502
0.11053
0.13593
0.16211
0.18756
0.21313
0.23993
0.26581
0.29169
0.31744
0.34381
0.36871
0.39301
0.41730
0.43988
0.46149
0.48297
0.50278
0.52188
0.54092
0.55881
0.57639
0.59354
0.61124
0.62802
0.64468
0.66171
0.67789
0.69351
0.70938
0.72403
0.73813
0.75198
0.76480
0.77176
0.77756
0.78275
0.78714
0.79099
0.79453
0.79758
0.80026
0.80283
0.80502
0.80692
0.80862
0.80991
0.81076
0.81125
0.81125
0.81082
0.80984
0.80838
0.80655
0.80429
0.80161
0.79874
0.79562
0.79221
0.78873
0.78519
0.78146
0.77750
0.77359
0.76944
0.76498
0.76047
0.75577
0.75064
0.74539
0.73996
0.73428
0.72824
0.72220
0.71603
0.70956
0.70322
0.69675
0.69009
0.68362
0.67703
0.67014
0.66348
0.65671
0.64987
0.64261
0.63559
0.62845
0.62088
0.61349
0.60605
0.59830
0.59079
0.58316
0.57529
0.56766
0.56003
0.55234
0.54440
0.53665
0.52890
0.52090
0.51315
0.50534
0.49731
0.48950
0.48169
0.47351
0.46564
0.45782
0.44995
0.44171
0.43384
0.42584
0.41772
0.40979
0.40192
0.39380
0.38599
0.37830
0.37024
0.36261
0.35492
0.34735
0.33942
0.33185
0.32416
0.31622
0.30859
0.30090
0.29303
0.28540
0.27795
0.27045
0.26263
0.09589
-0.13226
-0.18225
-0.25378
-0.19409
-0.16040
-0.16431
-0.19922
-0.18701
-0.17438
-0.18536
-0.20001
-0.19464
-0.18268
-0.17993
-0.17578
-0.16254
-0.14661
-0.13495
-0.12494
-0.11292
-0.10156
-0.09454
-0.08966
-0.08466
-0.08087
-0.07843
-0.07635
-0.07330
-0.06970
-0.06555
-0.06036
-0.05444
-0.04797
-0.04095
-0.03400
-0.02722
-0.02039
-0.01422
-0.00848
0.00024
0.00000
0.00000
0.00000
0.00000
0.00000
0.00000
0.00000
0.00000
0.00000
0.00000
0.00000
0.00000
0.00000
0.00000
0.00000
0.00000
0.00000
0.00000
0.00000
0.00000
0.00000
0.00000
0.00000
0.00000
0.00000
0.00000
0.00000
0.00000
0.00000
0.00000
0.00000
0.00000
0.00000
0.00000
0.00000
0.00000
0.00000
0.00000
0.00000
0.00000
0.00000
0.00000
0.00000
0.00000
0.00000
0.00000
0.00000
0.00000
0.00000
0.00000
0.00000
0.00000
0.00000
0.00000
0.00000
0.00000
0.00000
0.00000
0.00000
0.00000
0.00000
0.00000
0.00000
0.00000
0.00000
0.00000
0.00000
0.00000
0.00000
0.00000
0.00000
0.00000
0.00000
0.00000
0.00000
0.00000
0.00000
0.00000
0.00000
0.00000
0.00000
0.00000
0.00000
0.00000
0.00000
0.00000
0.00000
0.00000
0.00000
0.00000
0.00000
0.00000
0.00000
0.00000
0.00000
0.00000
0.00000
0.00000
0.00000
0.00000
0.00000
0.00000
0.00000
0.00000
0.00000
0.00000
0.00000
0.00000
0.00000
0.00000
0.00000
0.00000
0.00000
0.00000
0.00000
0.00000
0.00000
0.00000
0.00000
0.00000
0.00000
0.00000
0.00000
0.00000
0.00000
0.00000
0.00000
0.00000
0.00000
0.00000
0.00000
0.00000
0.00000
0.00000
0.00000
0.00000
0.00000
0.00000
0.00000
0.00000
0.00000
0.00000
0.00000
0.00000
0.00000
0.00000
0.00000
0.00000
0.00000
0.00000
0.00000
