0.13098
0.28915
0.44434
0.59531
0.72534
0.83469
0.92154
0.97617
0.99997
0.99203
0.95041
0.87961
0.78131
0.65402
0.51138
0.35443
0.18228
0.01318
-0.15308
-0.31662
-0.46045
-0.58603
-0.68958
-0.77032
-0.81946
-0.83884
-0.82953
-0.79327
-0.73230
-0.64578
-0.54355
-0.42670
-0.29483
-0.16199
-0.02808
0.10229
0.22952
0.34045
0.43658
0.51773
0.57608
0.61246
0.62735
0.62003
0.59244
0.54422
0.48114
0.40466
0.31772
0.22025
0.12256
0.02466
-0.07330
-0.16156
-0.24081
-0.31107
-0.36542
-0.40527
-0.43060
-0.43933
-0.43292
-0.41235
-0.37726
-0.33194
-0.27737
-0.21335
-0.14691
-0.07825
-0.00739
0.05829
0.11920
0.17551
0.22141
0.25784
0.28391
0.29965
0.30374
0.29727
0.28006
0.25430
0.22086
0.17947
0.13489
0.08728
0.03833
-0.01178
-0.05804
-0.10083
-0.14008
-0.17184
-0.19687
-0.21494
-0.22470
-0.22678
-0.22116
-0.20871
-0.19009
-0.16620
-0.13690
-0.10553
-0.07227
-0.03699
-0.00360
0.02808
0.05823
0.08368
0.10480
0.12158
0.13251
0.13800
0.13818
0.13293
0.12305
0.10895
0.09045
0.06982
0.04718
0.02240
-0.00171
-0.02527
-0.04840
-0.06860
-0.08624
-0.10071
-0.11206
-0.11920
-0.12262
-0.12225
-0.11810
-0.11072
-0.10004
-0.08716
-0.07251
-0.05585
-0.03912
-0.02222
-0.00580
0.00995
0.02386
0.03577
0.04584
0.05298
0.05743
0.05933
0.05847
0.05524
0.04938
0.04175
0.03259
0.02209
0.01038
-0.00128
-0.01294
-0.02454
-0.03497
-0.04425
-0.05237
-0.05853
-0.06293
-0.06555
-0.06610
-0.06488
-0.06189
-0.05713
-0.05121
-0.04419
-0.03601
-0.02759
-0.01892
-0.01007
-0.00189
0.00562
0.01263
0.01831
0.02283
0.02649
0.03076
0.03656
0.04449
0.05511
0.06750
0.08136
0.09662
0.11133
0.12518
0.13745
0.14697
0.15143
0.14600
0.12628
0.09192
0.04224
-0.02429
-0.10059
-0.18570
-0.27896
-0.36951
-0.45605
-0.53458
-0.60324
-0.65372
-0.68610
-0.69849
-0.68903
-0.65836
-0.60526
-0.53500
-0.44855
-0.34491
-0.23502
-0.11932
-0.00177
0.11780
0.22708
0.32669
0.41638
0.48724
0.54056
0.57602
0.59048
0.58560
0.56088
0.51962
0.46301
0.39362
0.31100
0.22433
0.13391
0.03955
-0.04858
-0.13129
-0.20834
-0.27206
-0.32339
-0.36243
-0.38531
-0.39355
-0.38745
-0.36670
-0.33398
-0.29044
-0.23587
-0.17624
-0.11212
-0.04352
0.02356
0.08594
0.14624
0.19839
0.24301
0.27896
0.30618
0.32230
0.32809
0.32358
0.30948
0.28671
0.25516
0.21835
0.17667
0.13000
0.08337
0.03687
-0.00806
-0.05145
-0.08899
-0.12103
-0.14758
-0.16614
-0.17740
-0.18118
-0.17734
-0.16666
-0.14886
-0.12616
-0.09888
-0.06818
-0.03394
0.00024
0.03442
0.06860
0.09930
0.12671
0.15100
0.16971
0.18332
0.19174
0.19437
0.19156
0.18387
0.17093
0.15442
0.13458
0.11139
0.08734
0.06244
0.03668
0.01276
-0.00940
-0.03003
-0.04694
-0.06049
-0.07031
-0.07642
-0.07825
-0.07629
-0.07043
-0.06140
-0.04944
-0.03461
-0.01843
-0.00116
0.01733
0.03516
0.05225
0.06818
0.08282
0.09473
0.10425
0.11115
0.11499
0.11584
0.11389
0.10925
0.10223
0.09308
0.08173
0.06952
0.05640
0.04242
0.02893
0.01599
0.00354
-0.00714
-0.01636
-0.02399
-0.02942
-0.03271
-0.03394
-0.03302
-0.03021
-0.02570
-0.01941
-0.01208
-0.00385
0.00531
0.01447
0.02356
0.03253
0.04047
0.04755
0.05347
0.05823
0.06128
0.06287
0.06293
0.06140
0.05853
0.05420
0.04889
0.04272
0.03558
0.02826
0.02069
0.01318
0.00574
-0.00092
-0.00690
-0.01227
-0.01648
-0.01959
-0.02173
-0.02258
-0.02246
-0.02118
-0.01898
-0.01605
-0.01245
-0.00830
-0.00391
0.00055
0.00519
0.00934
0.01465
0.02594
0.04572
0.07568
0.11810
0.16910
0.22812
0.29282
0.36249
0.42877
0.49042
0.54611
0.58853
0.61734
0.63058
0.62601
0.60373
0.56216
0.50522
0.43317
0.34833
0.24966
0.14746
0.04150
-0.06830
-0.17093
-0.26688
-0.35614
-0.42957
-0.48840
-0.53232
-0.55710
-0.56418
-0.55380
-0.52536
-0.48230
-0.42517
-0.35291
-0.27347
-0.18747
-0.09460
-0.00482
0.08191
0.16589
0.23819
0.29977
0.34869
0.38458
0.40411
0.40851
0.39740
0.37225
0.33429
0.28311
0.22452
0.15894
0.08899
0.01453
-0.05652
-0.12451
-0.18936
-0.24429
-0.29013
-0.32663
-0.35028
-0.36206
-0.36169
-0.34967
-0.32681
-0.29428
-0.25192
-0.20438
-0.15204
-0.09491
-0.03906
0.01544
0.06879
0.11542
0.15570
0.18961
0.21378
0.22891
0.23477
0.23123
0.21878
0.19827
0.16946
0.13568
0.09729
0.05420
0.01099
-0.03210
-0.07538
-0.11407
-0.14868
-0.17807
-0.20218
-0.21848
-0.22775
-0.22977
-0.22446
-0.21249
-0.19376
-0.17026
-0.14252
-0.11029
-0.07721
-0.04321
-0.00958
0.02368
0.05322
0.07928
0.10175
0.11853
0.13000
0.13599
0.13617
0.13092
0.12024
0.10535
0.08655
0.06476
0.03973
0.01428
-0.01141
-0.03766
-0.06152
-0.08313
-0.10254
-0.11780
-0.12909
-0.13641
-0.13916
-0.13757
-0.13184
-0.12195
-0.10907
-0.09326
-0.07446
-0.05487
-0.03442
-0.01312
0.00677
0.02551
0.04297
0.05743
0.06909
0.07776
0.08331
0.08527
0.08392
0.07922
0.07178
0.06183
0.04938
0.03577
0.02100
0.00525
-0.00983
-0.02448
-0.03796
-0.05035
-0.06042
-0.06830
-0.07391
-0.07678
-0.07709
-0.07477
-0.07013
-0.06329
-0.05432
-0.04407
-0.03278
-0.02069
-0.00793
0.00427
0.01599
0.02716
0.03668
0.04462
0.05109
0.05542
0.05780
0.05817
0.05652
0.05310
0.04810
0.04144
0.03387
0.02545
0.01624
0.00720
-0.00165
-0.01031
-0.01807
-0.02460
-0.03125
-0.04285
-0.06177
-0.09009
-0.12994
-0.17795
-0.23361
-0.29703
-0.36060
-0.42334
-0.48370
-0.53445
-0.57278
-0.59250
-0.58835
-0.55777
-0.50003
-0.41235
-0.30331
-0.17398
-0.02368
