0.00775
0.04761
0.08606
0.12067
0.15350
0.18555
0.21704
0.24536
0.27277
0.29956
0.32556
0.34973
0.37189
0.39447
0.41681
0.43610
0.45490
0.47467
0.49255
0.50888
0.52487
0.54160
0.55667
0.57040
0.58463
0.59842
0.61111
0.62326
0.63510
0.64682
0.65805
0.66818
0.67838
0.68832
0.69809
0.70706
0.71609
0.72244
0.72293
0.72281
0.72641
0.73044
0.73343
0.73697
0.74136
0.74570
0.74966
0.75430
0.75943
0.76431
0.76907
0.77420
0.77969
0.78513
0.79013
0.79562
0.80161
0.80698
0.81223
0.81802
0.82407
0.82956
0.83505
0.84116
0.84695
0.85251
0.85831
0.86417
0.86990
0.87546
0.88168
0.88882
0.89481
0.89926
0.90366
0.90829
0.91281
0.91696
0.92148
0.92593
0.92880
0.93069
0.93295
0.93521
0.93723
0.93918
0.94125
0.94321
0.94498
0.94675
0.94852
0.95023
0.95181
0.95340
0.95499
0.95645
0.95792
0.95932
0.96072
0.96207
0.96335
0.96451
0.96579
0.96695
0.96811
0.96921
0.97025
0.97134
0.97238
0.97336
0.97427
0.97525
0.97617
0.97702
0.97787
0.97879
0.97964
0.98032
0.98105
0.98184
0.98257
0.98312
0.98380
0.98459
0.98526
0.98575
0.98642
0.98715
0.98764
0.98807
0.98862
0.98935
0.98978
0.99008
0.99069
0.99130
0.99161
0.99185
0.99246
0.99295
0.99319
0.99350
0.99411
0.99454
0.99466
0.99496
0.99557
0.99594
0.99594
0.99625
0.99686
0.99710
0.99710
0.99747
0.99808
0.99814
0.99808
0.99850
0.99908
0.99908
0.99902
0.99945
0.99997
0.99997
0.99969
0.99844
0.99667
0.99442
0.99246
0.99118
0.98947
0.98709
0.98538
0.98447
0.98306
0.98123
0.98026
0.97983
0.97873
0.97726
0.97678
0.97678
0.97574
0.97452
0.97464
0.97495
0.97385
0.97287
0.97348
0.97385
0.97256
0.97189
0.97311
0.97342
0.97183
0.97153
0.97348
0.97342
0.97116
0.97153
0.97452
0.97281
0.96860
0.98019
0.98380
0.92294
0.81662
0.72916
0.65695
0.59189
0.53421
0.47296
0.41400
0.36163
0.31427
0.26593
0.21906
0.17926
0.14099
0.10126
0.06598
0.03442
0.00372
-0.02777
-0.05548
-0.08051
-0.10608
-0.13025
-0.15204
-0.17267
-0.19244
-0.21161
-0.22931
-0.24512
-0.26099
-0.27618
-0.29004
-0.30261
-0.31531
-0.32764
-0.33807
-0.34808
-0.35846
-0.36768
-0.37573
-0.38391
-0.39178
-0.39886
-0.40509
-0.41144
-0.41754
-0.42285
-0.42767
-0.43237
-0.43701
-0.44098
-0.44434
-0.44788
-0.45135
-0.45398
-0.45630
-0.45886
-0.46118
-0.46283
-0.46429
-0.46606
-0.46747
-0.46826
-0.46906
-0.47003
-0.47064
-0.47076
-0.47095
-0.47125
-0.47119
-0.47076
-0.47052
-0.47028
-0.46960
-0.46869
-0.46796
-0.46729
-0.46613
-0.46478
-0.46368
-0.46259
-0.46106
-0.45941
-0.45795
-0.45648
-0.45459
-0.45264
-0.45093
-0.44910
-0.44684
-0.44470
-0.44281
-0.44055
-0.43811
-0.43585
-0.43372
-0.43121
-0.42853
-0.42609
-0.42371
-0.42102
-0.41809
-0.41547
-0.41302
-0.41010
-0.40698
-0.40436
-0.40173
-0.39856
-0.39532
-0.39270
-0.38989
-0.38641
-0.38324
-0.38049
-0.37738
-0.37384
-0.37067
-0.36780
-0.36456
-0.36090
-0.35773
-0.35480
-0.35138
-0.34766
-0.34436
-0.34143
-0.33783
-0.33386
-0.33081
-0.32782
-0.32397
-0.32001
-0.31702
-0.31390
-0.30969
-0.30591
-0.30298
-0.29956
-0.29535
-0.29163
-0.28870
-0.28516
-0.28076
-0.27722
-0.27441
-0.27057
-0.26605
-0.26257
-0.25989
-0.25574
-0.25092
-0.24799
-0.24542
-0.24060
-0.23578
-0.23334
-0.23077
-0.22522
-0.22046
-0.21893
-0.21600
-0.20929
-0.20496
-0.20612
-0.20050
-0.18774
-0.19293
-0.22058
-0.25690
-0.29517
-0.32544
-0.34625
-0.37097
-0.39941
-0.42212
-0.44189
-0.46399
-0.48517
-0.50363
-0.52139
-0.53909
-0.55612
-0.57144
-0.58658
-0.60123
-0.61520
-0.62863
-0.64102
-0.65305
-0.66507
-0.67618
-0.68668
-0.69693
-0.70670
-0.71640
-0.72519
-0.73361
-0.74216
-0.75070
-0.75815
-0.76474
-0.77243
-0.78043
-0.78598
-0.79129
-0.79898
-0.80588
-0.80954
-0.81387
-0.82236
-0.82828
-0.82791
-0.83377
-0.84824
-0.84793
-0.82309
-0.78152
-0.72977
-0.69009
-0.66739
-0.63931
-0.60617
-0.57925
-0.55856
-0.53531
-0.51065
-0.49188
-0.47552
-0.45660
-0.43903
-0.42523
-0.41211
-0.39801
-0.38507
-0.37500
-0.36505
-0.35437
-0.34491
-0.33752
-0.33026
-0.32227
-0.31543
-0.31049
-0.30511
-0.29907
-0.29462
-0.29138
-0.28754
-0.28333
-0.28058
-0.27863
-0.27594
-0.27332
-0.27197
-0.27094
-0.26929
-0.26788
-0.26752
-0.26733
-0.26654
-0.26611
-0.26660
-0.26709
-0.26697
-0.26740
-0.26855
-0.26947
-0.26996
-0.27106
-0.27271
-0.27399
-0.27509
-0.27673
-0.27875
-0.28046
-0.28192
-0.28406
-0.28644
-0.28833
-0.29022
-0.29279
-0.29529
-0.29742
-0.29968
-0.30255
-0.30530
-0.30762
-0.31024
-0.31323
-0.31610
-0.31873
-0.32153
-0.32471
-0.32782
-0.33051
-0.33356
-0.33691
-0.34003
-0.34283
-0.34607
-0.34967
-0.35272
-0.35577
-0.35931
-0.36279
-0.36597
-0.36926
-0.37280
-0.37640
-0.37958
-0.38293
-0.38666
-0.39020
-0.39362
-0.39703
-0.40082
-0.40448
-0.40778
-0.41132
-0.41534
-0.41895
-0.42224
-0.42596
-0.42999
-0.43353
-0.43683
-0.44086
-0.44482
-0.44830
-0.45184
-0.45581
-0.45978
-0.46332
-0.46680
-0.47089
-0.47485
-0.47833
-0.48193
-0.48608
-0.49011
-0.49341
-0.49719
-0.50168
-0.50540
-0.50870
-0.51273
-0.51712
-0.52072
-0.52402
-0.52823
-0.53256
-0.53604
-0.53946
-0.54373
-0.54813
-0.55154
-0.55490
-0.55948
-0.56393
-0.56693
-0.57034
-0.57523
-0.57956
-0.58231
-0.58591
-0.59128
-0.59518
-0.59756
-0.60178
-0.60727
-0.61075
-0.61288
-0.61765
-0.62363
-0.62613
-0.62766
-0.63382
-0.64059
-0.64017
-0.64108
-0.65280
-0.66177
-0.65488
-0.61288
-0.52286
-0.43188
-0.37958
-0.33063
-0.26892
-0.21423
-0.16821
-0.12054
-0.07318
-0.03040
