0.00110
0.01233
0.02628
0.04016
0.05606
0.07156
0.08829
0.10614
0.12375
0.14285
0.16223
0.18277
0.20276
0.22476
0.24634
0.26779
0.29077
0.31320
0.33688
0.35913
0.38318
0.40656
0.42886
0.45364
0.47522
0.49884
0.52121
0.54321
0.56528
0.58530
0.60843
0.62689
0.64813
0.66724
0.68576
0.70486
0.72110
0.74060
0.75034
0.76471
0.77521
0.78537
0.79800
0.80396
0.81870
0.82175
0.83221
0.86288
0.68582
0.53275
0.56708
0.56918
0.59119
0.59998
0.61441
0.62756
0.63840
0.65347
0.66266
0.67703
0.68762
0.69928
0.71204
0.72153
0.73505
0.73627
0.74118
0.74359
0.74655
0.75110
0.75208
0.75778
0.75888
0.76392
0.76669
0.76974
0.77563
0.77661
0.78406
0.78561
0.79187
0.79614
0.79987
0.80804
0.80930
0.81918
0.82138
0.82922
0.83588
0.83878
0.85361
0.85074
0.85916
0.85712
0.86215
0.86618
0.86414
0.87436
0.86847
0.87964
0.87628
0.88068
0.88705
0.88135
0.89594
0.88483
0.89938
0.89349
0.89618
0.90695
0.89191
0.91736
0.89282
0.91687
0.90887
0.89734
0.94147
0.84714
0.99997
-0.11383
-0.46542
-0.34198
-0.35617
-0.36374
-0.32419
-0.34967
-0.31384
-0.32263
-0.30850
-0.29761
-0.29883
-0.27716
-0.28317
-0.26358
-0.26221
-0.25266
-0.24188
-0.23996
-0.22366
-0.22385
-0.20947
-0.20450
-0.19644
-0.18591
-0.18237
-0.16870
-0.16595
-0.15381
-0.14737
-0.13974
-0.12885
-0.12463
-0.11215
-0.10727
-0.09662
-0.08917
-0.08160
-0.07053
-0.06549
-0.05341
-0.04752
-0.03711
-0.02881
-0.02112
-0.00940
-0.00409
0.00867
0.01505
0.02563
0.03506
0.04269
0.05588
0.06085
0.07516
0.08185
0.09308
0.10480
0.11081
0.12723
0.13071
0.14798
0.15399
0.16571
0.18201
0.18146
0.20996
0.20117
0.22974
0.23871
0.26196
-0.66040
-0.86798
-0.87393
-0.84311
-0.85422
-0.83908
-0.83377
-0.83197
-0.81735
-0.81912
-0.80414
-0.80252
-0.79266
-0.78430
-0.78003
-0.76752
-0.76523
-0.75320
-0.74872
-0.74011
-0.73175
-0.72693
-0.71631
-0.71292
-0.70349
-0.69827
-0.69202
-0.68509
-0.68118
-0.67337
-0.67062
-0.66412
-0.66034
-0.65631
-0.65161
-0.64932
-0.64447
-0.64294
-0.63904
-0.63687
-0.63464
-0.63184
-0.63086
-0.62781
-0.62701
-0.62460
-0.62311
-0.62161
-0.61932
-0.61826
-0.61584
-0.61362
-0.60687
-0.60086
-0.59448
-0.58740
-0.58054
-0.57333
-0.56540
-0.55740
-0.54922
-0.53937
-0.53113
-0.51965
-0.51038
-0.49811
-0.48621
-0.47604
-0.45639
-0.45377
-0.42206
-0.52939
-0.56665
-0.54309
-0.53214
-0.52481
-0.50565
-0.49680
-0.47672
-0.45868
-0.43765
-0.41443
-0.39545
-0.37024
-0.34985
-0.32480
-0.30267
-0.27856
-0.25366
-0.23172
-0.20483
-0.18307
-0.15784
-0.13486
-0.11111
-0.08701
-0.06604
-0.04138
-0.02118
0.00061
0.02148
0.04059
0.06049
0.07782
0.09314
0.11285
0.13287
0.15213
0.16937
0.18692
0.20239
0.21838
0.23178
0.24591
0.25842
0.26959
0.28174
0.29102
0.30121
0.30945
0.31812
0.32581
0.33231
0.33963
0.34482
0.35101
0.35593
0.36069
0.36526
0.36905
0.37366
0.37650
0.38065
0.38370
0.38690
0.39050
0.39304
0.39706
0.39941
0.40344
0.40662
0.40997
0.41455
0.41721
0.42285
0.42603
0.43185
0.43674
0.44162
0.44894
0.45328
0.46185
0.46747
0.47592
0.48364
0.49109
0.50214
0.50864
0.52097
0.52896
0.54044
0.55139
0.56094
0.57544
0.58301
0.59900
0.60815
0.62143
0.63443
0.64404
0.66129
0.66791
0.68564
0.69437
0.70728
0.72177
0.72809
0.74686
0.75046
0.76825
0.77475
0.78537
0.80060
0.80072
0.82266
0.81906
0.83835
0.84140
0.84616
0.86780
0.85193
0.88974
0.86487
0.88998
0.92319
0.77023
0.07962
0.11682
0.07156
0.12827
0.11465
0.13608
0.15140
0.15237
0.17792
0.17532
0.19690
0.20117
0.21350
0.22681
0.23166
0.24863
0.25229
0.26678
0.27435
0.28378
0.29492
0.30139
0.31396
0.31992
0.33099
0.33911
0.34756
0.35690
0.36435
0.37402
0.38126
0.39026
0.39807
0.40619
0.41425
0.42230
0.42966
0.43781
0.44534
0.45267
0.46085
0.46710
0.47641
0.48160
0.49060
0.49704
0.50360
0.51297
0.51651
0.52747
0.53021
0.54010
0.54599
0.55109
0.56216
0.56232
0.57617
0.57623
0.58655
0.59360
0.59830
0.61722
0.61288
0.63712
0.63419
0.64957
0.66278
0.65311
0.70062
0.65378
0.56360
-0.85123
-0.92041
-0.88446
-0.86954
-0.89450
-0.86197
-0.88297
-0.86450
-0.86829
-0.86710
-0.85559
-0.86432
-0.84940
-0.85645
-0.84796
-0.84399
-0.83487
-0.81894
-0.81573
-0.79831
-0.79361
-0.78058
-0.77072
-0.76361
-0.75003
-0.74527
-0.73157
-0.72586
-0.71539
-0.70609
-0.69965
-0.68811
-0.68329
-0.67181
-0.66617
-0.65726
-0.64859
-0.64294
-0.63208
-0.62750
-0.61771
-0.61319
-0.60196
-0.59052
-0.58240
-0.56793
-0.56033
-0.54639
-0.53583
-0.52451
-0.51062
-0.50125
-0.48453
-0.47583
-0.45959
-0.44696
-0.43445
-0.41684
-0.40787
-0.38605
-0.37775
-0.35739
-0.34216
-0.33032
-0.30298
-0.30170
-0.26593
-0.26569
-0.24518
-0.17010
-0.45172
-0.83545
-0.75772
-0.79068
-0.74780
-0.74731
-0.73001
-0.70850
-0.70410
-0.67603
-0.67084
-0.64590
-0.63220
-0.61548
-0.59323
-0.58188
-0.55698
-0.54395
-0.52216
-0.50516
-0.48761
-0.46600
-0.45242
-0.42999
-0.41534
-0.39590
-0.37939
-0.36334
-0.34457
-0.33200
-0.31308
-0.30075
-0.28534
-0.27115
-0.25949
-0.24500
-0.23563
-0.22180
-0.21274
-0.20197
-0.19186
-0.18411
-0.17413
-0.16769
-0.15891
-0.15289
-0.14594
-0.13937
-0.13446
-0.12802
-0.12375
-0.11804
-0.11401
-0.10925
-0.10461
-0.10107
-0.09598
-0.09265
-0.08792
-0.08414
-0.07968
-0.07510
-0.07095
-0.06555
-0.06104
-0.05545
-0.04980
-0.04398
-0.03741
-0.03085
-0.02316
-0.01584
-0.00742
