0.00586
0.01672
0.02722
0.03766
0.04846
0.05890
0.06934
0.07971
0.09045
0.10086
0.11124
0.12192
0.13223
0.14243
0.15298
0.16318
0.17331
0.18381
0.19376
0.20380
0.21368
0.22400
0.23383
0.24365
0.25372
0.26343
0.27301
0.28290
0.29242
0.30191
0.31161
0.32089
0.33017
0.33932
0.34879
0.35776
0.36667
0.37589
0.38467
0.39340
0.40240
0.41095
0.41937
0.42810
0.43646
0.44470
0.45288
0.46124
0.46918
0.47705
0.48517
0.49292
0.50058
0.50845
0.51596
0.52328
0.53085
0.53806
0.54520
0.55228
0.55948
0.56631
0.57309
0.58005
0.58670
0.59329
0.59998
0.60632
0.61255
0.61896
0.62506
0.63104
0.63696
0.64307
0.64880
0.65448
0.66022
0.66577
0.67120
0.67676
0.68207
0.68719
0.69226
0.69751
0.70255
0.70743
0.71237
0.71707
0.72171
0.72653
0.73105
0.73538
0.73984
0.74411
0.74838
0.75259
0.75674
0.76065
0.76456
0.76865
0.77255
0.77621
0.77982
0.78336
0.78696
0.79062
0.79398
0.79721
0.80048
0.80389
0.80713
0.81018
0.81317
0.81610
0.81909
0.82214
0.82489
0.82745
0.83020
0.83295
0.83563
0.83813
0.84045
0.84277
0.84534
0.84796
0.85022
0.85217
0.85425
0.85645
0.85876
0.86084
0.86261
0.86438
0.86639
0.86853
0.87036
0.87183
0.87335
0.87512
0.87695
0.87866
0.87994
0.88123
0.88287
0.88452
0.88593
0.88696
0.88806
0.88940
0.89099
0.89233
0.89319
0.89392
0.89514
0.89655
0.89771
0.89838
0.89893
0.89987
0.90115
0.90219
0.90268
0.90305
0.90384
0.90494
0.90585
0.90622
0.90640
0.90695
0.90799
0.90878
0.90903
0.90903
0.90939
0.91025
0.91098
0.91104
0.91086
0.91104
0.91183
0.91251
0.91251
0.91208
0.91208
0.91269
0.91324
0.91318
0.91263
0.91251
0.91299
0.91354
0.91330
0.91257
0.91220
0.91269
0.91324
0.91293
0.91202
0.91147
0.91177
0.91220
0.91190
0.91086
0.91013
0.91037
0.91086
0.91049
0.90933
0.90842
0.90848
0.90891
0.90854
0.90720
0.90616
0.90610
0.90652
0.90616
0.90475
0.90341
0.90329
0.90366
0.90329
0.90176
0.90036
0.90005
0.90054
0.90018
0.89850
0.89679
0.89636
0.89679
0.89642
0.89471
0.89282
0.89227
0.89276
0.89258
0.89075
0.88855
0.88788
0.88843
0.88831
0.88641
0.88403
0.88318
0.88379
0.88379
0.88177
0.87903
0.87799
0.87872
0.87891
0.87677
0.87372
0.87244
0.87341
0.87396
0.87158
0.86804
0.86652
0.86780
0.86871
0.86627
0.86206
0.86011
0.86200
0.86359
0.86078
0.85535
0.85291
0.85590
0.85876
0.85547
0.84790
0.84448
0.85010
0.85590
0.85022
0.83569
0.83179
0.84760
0.86365
0.85919
0.82819
0.74527
0.59171
0.42755
0.34830
0.36826
0.40582
0.40649
0.38998
0.38602
0.39664
0.40576
0.40295
0.39438
0.39304
0.40094
0.40820
0.40619
0.39932
0.39780
0.40509
0.41187
0.41034
0.40350
0.40173
0.40784
0.41528
0.41095
0.39749
0.41315
0.48669
0.46362
0.16879
-0.35519
-0.75766
-0.90140
-0.89252
-0.87396
-0.85498
-0.84229
-0.84790
-0.86432
-0.86926
-0.86218
-0.85669
-0.86060
-0.86847
-0.87097
-0.86780
-0.86511
-0.86786
-0.87292
-0.87512
-0.87329
-0.87177
-0.87378
-0.87787
-0.87982
-0.87885
-0.87775
-0.87933
-0.88245
-0.88446
-0.88446
-0.88470
-0.88751
-0.89221
-0.89532
-0.89587
-0.89600
-0.89832
-0.90231
-0.90536
-0.90616
-0.90646
-0.90866
-0.91220
-0.91507
-0.91605
-0.91647
-0.91843
-0.92178
-0.92471
-0.92581
-0.92630
-0.92813
-0.93130
-0.93405
-0.93521
-0.93570
-0.93735
-0.94022
-0.94302
-0.94424
-0.94479
-0.94632
-0.94901
-0.95157
-0.95285
-0.95346
-0.95474
-0.95743
-0.95993
-0.96121
-0.96176
-0.96298
-0.96530
-0.96768
-0.96909
-0.96957
-0.97061
-0.97281
-0.97513
-0.97641
-0.97696
-0.97787
-0.97983
-0.98203
-0.98337
-0.98380
-0.98453
-0.98636
-0.98837
-0.98959
-0.99008
-0.99075
-0.99228
-0.99423
-0.99533
-0.99570
-0.99625
-0.99802
-0.99994
-0.99997
-0.99783
-0.99539
-0.99399
-0.99307
-0.99173
-0.98953
-0.98727
-0.98575
-0.98465
-0.98318
-0.98087
-0.97855
-0.97684
-0.97549
-0.97391
-0.97159
-0.96902
-0.96713
-0.96567
-0.96384
-0.96140
-0.95883
-0.95676
-0.95505
-0.95316
-0.95065
-0.94785
-0.94559
-0.94376
-0.94162
-0.93900
-0.93607
-0.93362
-0.93149
-0.92935
-0.92661
-0.92349
-0.92081
-0.91849
-0.91605
-0.91324
-0.91013
-0.90714
-0.90463
-0.90207
-0.89905
-0.89569
-0.89264
-0.88995
-0.88708
-0.88391
-0.88049
-0.87708
-0.87408
-0.87115
-0.86774
-0.86420
-0.86072
-0.85754
-0.85425
-0.85077
-0.84698
-0.84320
-0.83997
-0.83661
-0.83215
-0.82709
-0.82251
-0.81927
-0.81677
-0.81403
-0.81073
-0.80731
-0.80426
-0.80121
-0.79782
-0.79428
-0.79068
-0.78714
-0.78366
-0.78006
-0.77615
-0.77225
-0.76846
-0.76474
-0.76059
-0.75644
-0.75217
-0.74783
-0.74374
-0.73947
-0.73477
-0.73019
-0.72568
-0.72098
-0.71634
-0.71146
-0.70651
-0.70132
-0.69635
-0.69135
-0.68585
-0.68048
-0.67511
-0.66956
-0.66412
-0.65845
-0.65240
-0.64661
-0.64087
-0.63495
-0.62866
-0.62244
-0.61621
-0.60980
-0.60345
-0.59689
-0.59006
-0.58340
-0.57669
-0.56967
-0.56271
-0.55569
-0.54855
-0.54111
-0.53378
-0.52646
-0.51871
-0.51114
-0.50351
-0.49548
-0.48767
-0.47980
-0.47150
-0.46344
-0.45526
-0.44702
-0.43842
-0.43005
-0.42151
-0.41254
-0.40387
-0.39517
-0.38602
-0.37711
-0.36813
-0.35873
-0.34964
-0.34042
-0.33121
-0.32156
-0.31210
-0.30264
-0.29266
-0.28308
-0.27344
-0.26337
-0.25360
-0.24377
-0.23389
-0.22357
-0.21356
-0.20355
-0.19302
-0.18289
-0.17276
-0.16220
-0.15195
-0.14169
-0.13101
-0.12070
-0.11032
-0.09995
-0.08905
-0.07867
-0.06824
-0.05743
-0.04694
-0.03644
-0.02557
-0.01508
-0.00464
