0.01077
0.01852
0.02158
0.07224
0.11789
0.12326
0.11020
0.08594
0.10199
0.15341
0.14673
0.11539
0.13556
0.10361
0.04471
0.07837
0.13467
0.12476
0.11142
0.12360
0.12372
0.13010
0.17108
0.23584
0.30850
0.35727
0.33990
0.32086
0.29761
0.25009
0.29797
0.36942
0.34058
0.33951
0.37759
0.31683
0.24307
0.22696
0.25494
0.35266
0.45642
0.47855
0.41040
0.34375
0.32465
0.32068
0.36606
0.47482
0.54660
0.52142
0.44934
0.37573
0.33572
0.38846
0.51080
0.61758
0.61215
0.49591
0.41983
0.39844
0.38449
0.41635
0.48785
0.52930
0.50119
0.44904
0.39999
0.36954
0.40649
0.46069
0.52527
0.58157
0.57889
0.56055
0.54230
0.48148
0.44098
0.53659
0.61139
0.59323
0.58472
0.55545
0.50186
0.46933
0.41129
0.41034
0.55026
0.63751
0.60742
0.54077
0.47906
0.49951
0.60458
0.68909
0.75870
0.83948
0.83813
0.76682
0.70056
0.66516
0.67267
0.71390
0.76822
0.74728
0.63440
0.58249
0.61197
0.59732
0.63428
0.78580
0.83398
0.77579
0.81952
0.88574
0.82776
0.79117
0.84891
0.88959
0.90765
0.92142
0.86938
0.78088
0.79962
0.87912
0.89307
0.91986
0.99997
0.98422
0.87247
0.84680
0.90652
0.90622
0.88016
0.91998
0.90598
0.82684
0.85333
0.88766
0.81821
0.81699
0.88705
0.84247
0.72806
0.74542
0.82138
0.83206
0.86145
0.90286
0.87415
0.86765
0.93890
0.97659
0.95117
0.93045
0.88184
0.79868
0.74796
0.74298
0.70889
0.62857
0.56482
0.54999
0.58411
0.61188
0.59030
0.56885
0.58505
0.59143
0.64587
0.73425
0.71045
0.62503
0.61337
0.59299
0.50003
0.50558
0.63391
0.68680
0.64966
0.57510
0.46381
0.41257
0.49338
0.62732
0.64532
0.47937
0.30933
0.28363
0.25705
0.22052
0.32718
0.43384
0.42096
0.42075
0.39117
0.31155
0.37494
0.58875
0.67297
0.62952
0.63266
0.57785
0.41718
0.36383
0.41238
0.42374
0.44308
0.46152
0.34348
0.18317
0.16388
0.23688
0.26770
0.26199
0.34293
0.38715
0.27197
0.16315
0.19092
0.27106
0.34952
0.44608
0.45016
0.30176
0.18927
0.20233
0.24738
0.23746
0.22330
0.21393
0.17139
0.11813
0.04977
0.02875
0.09705
0.16656
0.16116
0.08881
0.00836
-0.05264
-0.03305
0.04056
0.04376
-0.02106
-0.06113
-0.04947
-0.03720
-0.05188
-0.03049
0.03241
0.03656
-0.05811
-0.14368
-0.11545
-0.06161
-0.05835
-0.08383
-0.13797
-0.24115
-0.30975
-0.25839
-0.19949
-0.20148
-0.17966
-0.15918
-0.25052
-0.35297
-0.30417
-0.19589
-0.19296
-0.23026
-0.23447
-0.27905
-0.32947
-0.29425
-0.22565
-0.17908
-0.14279
-0.18784
-0.28549
-0.30927
-0.29990
-0.31577
-0.30231
-0.29208
-0.35751
-0.41046
-0.39447
-0.41965
-0.46689
-0.42709
-0.36334
-0.38522
-0.44019
-0.45090
-0.45132
-0.45990
-0.42480
-0.36389
-0.36707
-0.41083
-0.43497
-0.42709
-0.38138
-0.35098
-0.37344
-0.38156
-0.38913
-0.44638
-0.49680
-0.51553
-0.53506
-0.54001
-0.52029
-0.53082
-0.58212
-0.60995
-0.57101
-0.49026
-0.43250
-0.43851
-0.48581
-0.50995
-0.48041
-0.44800
-0.44772
-0.43744
-0.43948
-0.46555
-0.46957
-0.47757
-0.49512
-0.48676
-0.44891
-0.44116
-0.49753
-0.55750
-0.59137
-0.59024
-0.55588
-0.52209
-0.54150
-0.57581
-0.58682
-0.56680
-0.53873
-0.51514
-0.48569
-0.49722
-0.53717
-0.52347
-0.52905
-0.57281
-0.55905
-0.53946
-0.55212
-0.54236
-0.53400
-0.56601
-0.57587
-0.54648
-0.53622
-0.56549
-0.58163
-0.58026
-0.60825
-0.63565
-0.62759
-0.61816
-0.59979
-0.58212
-0.57202
-0.55447
-0.55389
-0.53308
-0.49512
-0.49802
-0.53238
-0.54846
-0.53345
-0.54059
-0.57516
-0.58237
-0.56543
-0.56073
-0.56824
-0.57532
-0.55795
-0.51974
-0.49405
-0.49258
-0.51099
-0.52930
-0.53802
-0.54987
-0.55615
-0.54163
-0.52234
-0.51718
-0.51224
-0.50745
-0.51746
-0.50989
-0.47311
-0.46075
-0.48700
-0.49561
-0.50491
-0.53189
-0.54919
-0.54684
-0.53653
-0.52377
-0.50653
-0.50900
-0.51514
-0.49915
-0.49579
-0.51639
-0.50125
-0.47162
-0.49426
-0.53629
-0.56458
-0.59763
-0.59180
-0.53833
-0.49362
-0.47131
-0.45599
-0.45294
-0.46689
-0.45786
-0.40332
-0.36612
-0.38058
-0.40985
-0.44043
-0.46548
-0.47446
-0.47565
-0.46152
-0.43762
-0.44458
-0.47018
-0.47534
-0.46231
-0.44363
-0.44427
-0.45740
-0.45053
-0.44247
-0.43317
-0.42349
-0.42859
-0.41333
-0.37122
-0.35501
-0.35681
-0.32407
-0.30670
-0.31619
-0.32214
-0.33908
-0.33945
-0.29556
-0.26944
-0.30753
-0.35031
-0.32639
-0.28104
-0.30411
-0.33759
-0.32843
-0.33145
-0.36935
-0.36707
-0.35596
-0.36197
-0.33600
-0.28787
-0.29330
-0.32928
-0.30591
-0.23572
-0.18454
-0.15601
-0.13916
-0.19162
-0.25388
-0.21988
-0.17505
-0.18863
-0.19260
-0.18790
-0.23123
-0.25970
-0.25671
-0.26703
-0.24588
-0.21616
-0.21439
-0.24036
-0.27148
-0.27423
-0.25821
-0.24060
-0.21307
-0.17966
-0.17419
-0.15955
-0.13953
-0.14633
-0.14169
-0.11694
-0.12210
-0.14493
-0.13327
-0.12817
-0.18286
-0.25128
-0.28073
-0.27148
-0.24216
-0.23038
-0.27191
-0.30267
-0.29715
-0.29630
-0.32819
-0.32190
-0.26596
-0.25543
-0.26138
-0.23285
-0.22684
-0.24997
-0.20322
-0.13586
-0.15329
-0.17139
-0.12000
-0.11987
-0.16544
-0.14807
-0.15030
-0.21817
-0.21848
-0.17151
-0.20358
-0.23117
-0.20239
-0.20905
-0.25116
-0.22937
-0.17679
-0.16003
-0.12607
-0.08197
-0.09827
-0.11954
-0.08173
-0.04153
-0.03342
-0.01401
0.01251
0.00369
-0.00519
0.00742
-0.02225
-0.06052
-0.01785
0.02133
-0.03107
-0.06161
-0.03564
-0.05710
-0.09946
-0.07938
-0.04123
-0.04446
-0.03168
-0.00183
0.01215
0.00134
-0.00345
0.00781
-0.02863
-0.06009
-0.00693
0.01913
-0.04117
-0.05841
-0.03415
-0.06503
-0.10138
-0.07422
-0.03949
-0.04663
-0.02896
