0.00665
0.01752
0.02637
0.03238
0.03577
0.03787
0.04059
0.04556
0.05377
0.06534
0.07971
0.09589
0.11310
0.13074
0.14856
0.16638
0.18439
0.20297
0.22287
0.24472
0.26935
0.29688
0.32697
0.35846
0.38995
0.41983
0.44662
0.46939
0.48743
0.50101
0.51080
0.51816
0.52472
0.53229
0.54236
0.55576
0.57266
0.59274
0.61536
0.63998
0.66617
0.69388
0.72287
0.75269
0.78223
0.80984
0.83340
0.85062
0.85947
0.85855
0.84744
0.82706
0.79935
0.76709
0.73340
0.70099
0.67175
0.64664
0.62567
0.60843
0.59445
0.58347
0.57553
0.57120
0.57108
0.57553
0.58475
0.59833
0.61551
0.63513
0.65591
0.67685
0.69736
0.71756
0.73801
0.75980
0.78391
0.81079
0.84045
0.87204
0.90405
0.93436
0.96088
0.98157
0.99487
0.99997
0.99683
0.98621
0.96939
0.94788
0.92288
0.89508
0.86447
0.83057
0.79266
0.75012
0.70288
0.65155
0.59763
0.54337
0.49139
0.44464
0.40558
0.37622
0.35757
0.34979
0.35220
0.36340
0.38150
0.40421
0.42889
0.45270
0.47275
0.48642
0.49158
0.48712
0.47302
0.45050
0.42175
0.38940
0.35645
0.32544
0.29834
0.27621
0.25958
0.24838
0.24222
0.24091
0.24426
0.25220
0.26428
0.27945
0.29605
0.31158
0.32309
0.32776
0.32339
0.30881
0.28424
0.25110
0.21188
0.16943
0.12683
0.08636
0.04965
0.01749
-0.01016
-0.03372
-0.05389
-0.07114
-0.08582
-0.09802
-0.10791
-0.11575
-0.12192
-0.12692
-0.13147
-0.13611
-0.14145
-0.14771
-0.15500
-0.16306
-0.17145
-0.17932
-0.18579
-0.18976
-0.19028
-0.18643
-0.17792
-0.16452
-0.14664
-0.12506
-0.10080
-0.07523
-0.04971
-0.02551
-0.00385
0.01425
0.02786
0.03607
0.03799
0.03284
0.02005
-0.00034
-0.02792
-0.06137
-0.09894
-0.13840
-0.17752
-0.21420
-0.24692
-0.27478
-0.29755
-0.31580
-0.33047
-0.34286
-0.35440
-0.36633
-0.37985
-0.39590
-0.41495
-0.43729
-0.46274
-0.49048
-0.51923
-0.54727
-0.57248
-0.59271
-0.60608
-0.61108
-0.60678
-0.59308
-0.57037
-0.53989
-0.50330
-0.46265
-0.42020
-0.37836
-0.33920
-0.30475
-0.27628
-0.25461
-0.23981
-0.23129
-0.22797
-0.22836
-0.23111
-0.23511
-0.23978
-0.24509
-0.25153
-0.25977
-0.27045
-0.28397
-0.30042
-0.31949
-0.34045
-0.36258
-0.38519
-0.40771
-0.42990
-0.45193
-0.47415
-0.49728
-0.52179
-0.54813
-0.57635
-0.60602
-0.63629
-0.66562
-0.69235
-0.71423
-0.72916
-0.73541
-0.73175
-0.71805
-0.69513
-0.66467
-0.62912
-0.59103
-0.55264
-0.51590
-0.48196
-0.45132
-0.42432
-0.40100
-0.38193
-0.36771
-0.35931
-0.35782
-0.36377
-0.37698
-0.39642
-0.41992
-0.44492
-0.46851
-0.48846
-0.50342
-0.51328
-0.51910
-0.52280
-0.52686
-0.53354
-0.54480
-0.56161
-0.58411
-0.61127
-0.64157
-0.67270
-0.70233
-0.72809
-0.74786
-0.76007
-0.76370
-0.75848
-0.74466
-0.72333
-0.69617
-0.66513
-0.63235
-0.59973
-0.56888
-0.54099
-0.51672
-0.49658
-0.48059
-0.46869
-0.46054
-0.45572
-0.45346
-0.45294
-0.45288
-0.45221
-0.44958
-0.44412
-0.43524
-0.42267
-0.40677
-0.38824
-0.36816
-0.34750
-0.32733
-0.30850
-0.29181
-0.27792
-0.26733
-0.26068
-0.25827
-0.26038
-0.26694
-0.27756
-0.29150
-0.30771
-0.32486
-0.34137
-0.35562
-0.36633
-0.37225
-0.37277
-0.36746
-0.35657
-0.34055
-0.32031
-0.29691
-0.27173
-0.24600
-0.22086
-0.19733
-0.17606
-0.15744
-0.14191
-0.12946
-0.12027
-0.11435
-0.11139
-0.11084
-0.11163
-0.11243
-0.11142
-0.10687
-0.09735
-0.08179
-0.06015
-0.03320
-0.00244
0.02988
0.06155
0.09052
0.11533
0.13550
0.15106
0.16306
0.17264
0.18103
0.18930
0.19815
0.20776
0.21790
0.22809
0.23779
0.24634
0.25336
0.25867
0.26242
0.26492
0.26669
0.26807
0.26917
0.26981
0.26929
0.26657
0.26038
0.24957
0.23343
0.21216
0.18686
0.15973
0.13370
0.11197
0.09729
0.09146
0.09497
0.10715
0.12619
0.14975
0.17560
0.20190
0.22778
0.25299
0.27783
0.30270
0.32767
0.35205
0.37439
0.39285
0.40549
0.41095
0.40872
0.39938
0.38464
0.36664
0.34787
0.33023
0.31506
0.30276
0.29300
0.28470
0.27673
0.26785
0.25732
0.24487
0.23074
0.21542
0.19943
0.18326
0.16711
0.15103
0.13495
0.11871
0.10239
0.08627
0.07080
0.05676
0.04510
0.03677
0.03244
0.03262
0.03717
0.04550
0.05649
0.06857
0.08011
0.08954
0.09564
0.09760
0.09525
0.08887
0.07928
0.06766
0.05524
0.04315
0.03226
0.02301
0.01556
0.00970
0.00482
0.00031
-0.00473
-0.01111
-0.01944
-0.03015
-0.04318
-0.05820
-0.07437
-0.09094
-0.10718
-0.12253
-0.13684
-0.15033
-0.16339
-0.17645
-0.19003
-0.20432
-0.21927
-0.23447
-0.24933
-0.26315
-0.27527
-0.28540
-0.29318
-0.29871
-0.30194
-0.30276
-0.30096
-0.29642
-0.28894
-0.27890
-0.26706
-0.25452
-0.24277
-0.23325
-0.22714
-0.22513
-0.22717
-0.23248
-0.23972
-0.24719
-0.25330
-0.25696
-0.25760
-0.25552
-0.25162
-0.24728
-0.24384
-0.24249
-0.24417
-0.24911
-0.25696
-0.26675
-0.27713
-0.28647
-0.29318
-0.29605
-0.29456
-0.28894
-0.28033
-0.27017
-0.26031
-0.25244
-0.24756
-0.24619
-0.24783
-0.25134
-0.25525
-0.25800
-0.25882
-0.25763
-0.25562
-0.25461
-0.25677
-0.26392
-0.27701
-0.29593
-0.31943
-0.34546
-0.37131
-0.39459
-0.41327
-0.42621
-0.43323
-0.43503
-0.43274
-0.42755
-0.42035
-0.41125
-0.39993
-0.38556
-0.36746
-0.34531
-0.31940
-0.29062
-0.26050
-0.23093
-0.20386
-0.18118
-0.16409
-0.15298
-0.14706
-0.14478
-0.14395
-0.14255
-0.13919
-0.13333
-0.12567
-0.11771
-0.11130
-0.10837
-0.11047
-0.11844
-0.13193
-0.14938
-0.16815
-0.18488
-0.19638
-0.20035
-0.19601
-0.18427
-0.16711
-0.14706
-0.12637
-0.10669
-0.08896
-0.07349
-0.06061
-0.04999
-0.04111
-0.03308
-0.02472
-0.01526
-0.00436
