0.01666
0.04721
0.07495
0.10394
0.12976
0.14627
0.15427
0.15018
0.13138
0.10736
0.08441
0.06393
0.05798
0.07410
0.09995
0.12433
0.14536
0.15195
0.13467
0.10587
0.07986
0.05847
0.04779
0.05493
0.07211
0.08868
0.10297
0.11279
0.11517
0.11182
0.10336
0.08981
0.07291
0.05112
0.02689
0.01114
0.00732
0.01321
0.03250
0.06180
0.08749
0.10471
0.11395
0.11081
0.09711
0.08145
0.06613
0.05289
0.04675
0.04773
0.05466
0.06918
0.08771
0.10471
0.11938
0.12808
0.12558
0.11636
0.10849
0.10327
0.10342
0.11423
0.13263
0.15067
0.16626
0.17786
0.18155
0.17883
0.17401
0.16776
0.16202
0.15939
0.15985
0.16699
0.18423
0.20764
0.23541
0.26663
0.28934
0.29471
0.28799
0.27029
0.24179
0.21875
0.21381
0.22284
0.24518
0.28159
0.31717
0.33936
0.34985
0.34641
0.32669
0.30225
0.28162
0.26538
0.26080
0.27228
0.29211
0.31610
0.34222
0.35928
0.36044
0.35135
0.33289
0.30634
0.28714
0.28543
0.29654
0.32123
0.35922
0.39487
0.41705
0.42780
0.42300
0.40131
0.37494
0.35065
0.32941
0.31906
0.32220
0.33386
0.35422
0.38055
0.40271
0.41739
0.42477
0.41962
0.40390
0.38812
0.37610
0.36835
0.36960
0.37921
0.38785
0.39035
0.38788
0.37888
0.36319
0.34799
0.33749
0.33154
0.33347
0.34436
0.36096
0.38403
0.41028
0.42850
0.43591
0.43127
0.40518
0.36240
0.32095
0.28552
0.25943
0.25455
0.26807
0.28598
0.30368
0.31958
0.32974
0.33499
0.33890
0.34460
0.34805
0.33759
0.31143
0.27286
0.21735
0.15488
0.10904
0.08432
0.07861
0.10034
0.13998
0.17252
0.19135
0.20267
0.20782
0.21140
0.23309
0.28656
0.34201
0.36597
0.35574
0.27197
0.07336
-0.18130
-0.42996
-0.66452
-0.81216
-0.80627
-0.70428
-0.55887
-0.38028
-0.24060
-0.19901
-0.22366
-0.28186
-0.36786
-0.45468
-0.51746
-0.56540
-0.62323
-0.70029
-0.78363
-0.86636
-0.94360
-0.99121
-0.99997
-0.98492
-0.95160
-0.90256
-0.84180
-0.76740
-0.68323
-0.58655
-0.47891
-0.39532
-0.35681
-0.35709
-0.41714
-0.53870
-0.66650
-0.77469
-0.85660
-0.86572
-0.79248
-0.67450
-0.51904
-0.34525
-0.20322
-0.10315
-0.03561
-0.00769
-0.00858
-0.01508
-0.02051
-0.02621
-0.03351
-0.04327
-0.05823
-0.08237
-0.10800
-0.12408
-0.13040
-0.12375
-0.09891
-0.06146
-0.01379
0.04398
0.10373
0.16473
0.21982
0.24500
0.23633
0.19589
0.10770
-0.01318
-0.13132
-0.24191
-0.33044
-0.36905
-0.36798
-0.34549
-0.30313
-0.25696
-0.22421
-0.20313
-0.19083
-0.18646
-0.18845
-0.19849
-0.21634
-0.24713
-0.29849
-0.36127
-0.42691
-0.49554
-0.55276
-0.58771
-0.60535
-0.60355
-0.58170
-0.54721
-0.49982
-0.44366
-0.38498
-0.32272
-0.26816
-0.23499
-0.22031
-0.22742
-0.26166
-0.30609
-0.34613
-0.38022
-0.39642
-0.38757
-0.36203
-0.32077
-0.26520
-0.20355
-0.13593
-0.06595
-0.00134
0.05823
0.10629
0.13519
0.14920
0.14804
0.13153
0.10904
0.08405
0.05838
0.04016
0.03082
0.03116
0.04709
0.07574
0.11234
0.15753
0.20291
0.23941
0.26724
0.28220
0.28116
0.26868
0.24423
0.20853
0.16602
0.11600
0.06400
0.01996
-0.01544
-0.03751
-0.03900
-0.02762
-0.01230
0.00598
0.02097
0.02646
0.02457
0.01694
0.00427
-0.01416
-0.04224
-0.07816
-0.12009
-0.17026
-0.21933
-0.25714
-0.28482
-0.29858
-0.29425
-0.27902
-0.25714
-0.22998
-0.20313
-0.17838
-0.15613
-0.13867
-0.12552
-0.11908
-0.12311
-0.13449
-0.15125
-0.17346
-0.19269
-0.20242
-0.20340
-0.19028
-0.16074
-0.12292
-0.07867
-0.03003
0.01303
0.04825
0.07605
0.09204
0.09811
0.09985
0.09827
0.09650
0.09943
0.10681
0.11636
0.12762
0.13947
0.14990
0.15887
0.16776
0.17776
0.18860
0.20035
0.21335
0.22534
0.23489
0.24234
0.24698
0.24884
0.24716
0.24005
0.22803
0.20917
0.18130
0.15054
0.12125
0.09381
0.07587
0.07205
0.07556
0.08127
0.08820
0.08975
0.08145
0.06778
0.05396
0.04050
0.02747
0.01526
0.00201
-0.01703
-0.04340
-0.07016
-0.09250
-0.11014
-0.11841
-0.11554
-0.10889
-0.10352
-0.09964
-0.09927
-0.10355
-0.10852
-0.10977
-0.10754
-0.10336
-0.09714
-0.09082
-0.08743
-0.08679
-0.08731
-0.08887
-0.08990
-0.08673
-0.07907
-0.06714
-0.04932
-0.02850
-0.01001
0.00528
0.01746
0.02512
0.03058
0.03961
0.05399
0.07013
0.08572
0.09976
0.10657
0.10342
0.09665
0.09140
0.08838
0.09207
0.10587
0.12436
0.14276
0.16037
0.17374
0.18060
0.18274
0.18015
0.17337
0.16403
0.15231
0.13931
0.12668
0.11432
0.10254
0.09195
0.08191
0.07104
0.05884
0.04639
0.03418
0.02252
0.01300
0.00616
0.00101
-0.00259
-0.00510
-0.00833
-0.01260
-0.01950
-0.03329
-0.05350
-0.07788
-0.10764
-0.13751
-0.15814
-0.16931
-0.17184
-0.16296
-0.14801
-0.13538
-0.12637
-0.12170
-0.12393
-0.13055
-0.13843
-0.14740
-0.15463
-0.15735
-0.15585
-0.14792
-0.13165
-0.11316
-0.09784
-0.08627
-0.08423
-0.09631
-0.11243
-0.12186
-0.12381
-0.11237
-0.08057
-0.03925
-0.00171
0.03030
0.05090
0.05280
0.04401
0.03467
0.02637
0.02325
0.03101
0.04550
0.05923
0.07071
0.07825
0.07816
0.07227
0.06351
0.05200
0.04193
0.03873
0.04169
0.05084
0.06799
0.08740
0.10263
0.11346
0.11591
0.10638
0.08926
0.06604
0.03699
0.00815
-0.01855
-0.04193
-0.05447
-0.05530
-0.04889
-0.03430
-0.01642
-0.00848
-0.01364
-0.02689
-0.04874
-0.07550
-0.09375
-0.09897
-0.09811
-0.09518
-0.09195
-0.09549
-0.11005
-0.12820
-0.14252
-0.15247
-0.15558
-0.14920
-0.13733
-0.12354
-0.10825
-0.09375
-0.08093
-0.07114
-0.06998
-0.07828
-0.09152
-0.11053
-0.13055
-0.13647
-0.12460
-0.10120
-0.06528
-0.02155
