0.00806
0.02084
0.03021
0.03952
0.05035
0.05801
0.06125
0.06448
0.06738
0.06641
0.06375
0.06284
0.06210
0.06027
0.05954
0.06143
0.06467
0.06702
0.07001
0.07614
0.08047
0.07785
0.07196
0.06787
0.05820
0.03958
0.02295
0.01614
0.00958
0.00153
0.00500
0.02042
0.03452
0.04276
0.05466
0.06854
0.07062
0.06161
0.05322
0.04681
0.03494
0.02072
0.01468
0.01645
0.01785
0.01932
0.02484
0.03168
0.03561
0.03629
0.03659
0.03738
0.03677
0.03421
0.03409
0.03812
0.04178
0.04590
0.05539
0.06714
0.07700
0.08807
0.10269
0.11487
0.12460
0.13550
0.14560
0.15283
0.15973
0.16653
0.17307
0.18091
0.18832
0.19382
0.20050
0.20786
0.20908
0.20599
0.20410
0.19958
0.18814
0.17633
0.16879
0.15942
0.14847
0.14285
0.13983
0.13574
0.13446
0.13831
0.14249
0.14609
0.15277
0.16113
0.16653
0.16800
0.16879
0.17062
0.17160
0.17117
0.17245
0.17920
0.18832
0.19516
0.20062
0.20737
0.21286
0.21219
0.20724
0.20459
0.20392
0.20129
0.19940
0.20374
0.21194
0.21863
0.22559
0.23459
0.24286
0.25089
0.25986
0.26788
0.27884
0.29617
0.31262
0.32553
0.34116
0.35904
0.36868
0.37134
0.37408
0.37872
0.38486
0.39148
0.39746
0.40891
0.42612
0.43173
0.42078
0.40872
0.39716
0.37018
0.33203
0.30670
0.29941
0.29303
0.28632
0.29126
0.30566
0.31281
0.30313
0.28638
0.27383
0.25980
0.23764
0.21936
0.22076
0.23331
0.24158
0.25180
0.27136
0.28888
0.29404
0.29465
0.29642
0.29568
0.29266
0.29053
0.28632
0.27969
0.27438
0.26495
0.24390
0.22180
0.20950
0.20111
0.18936
0.18784
0.21152
0.24438
0.25754
0.26172
0.27444
0.27118
0.22626
0.16211
0.12308
0.09674
0.06021
0.03555
0.05557
0.09454
0.11908
0.14383
0.18311
0.21249
0.23697
0.28784
0.32480
0.29977
0.26819
0.24371
0.11481
-0.11621
-0.31427
-0.46185
-0.64609
-0.83008
-0.89911
-0.88467
-0.88535
-0.89996
-0.90192
-0.90439
-0.91772
-0.95450
-0.99997
-0.99753
-0.93246
-0.87115
-0.81815
-0.72754
-0.62918
-0.55936
-0.49332
-0.42297
-0.36319
-0.29416
-0.20197
-0.14432
-0.13110
-0.11438
-0.10587
-0.16095
-0.25833
-0.31564
-0.34439
-0.39120
-0.42096
-0.38766
-0.32437
-0.27670
-0.22589
-0.15164
-0.08640
-0.05225
-0.02271
0.00952
0.03287
0.05298
0.07422
0.10068
0.14432
0.18716
0.20557
0.22150
0.24463
0.22784
0.16824
0.11499
0.05753
-0.03513
-0.13147
-0.20688
-0.28894
-0.37952
-0.44760
-0.51675
-0.59723
-0.64883
-0.66812
-0.69339
-0.70563
-0.66769
-0.61652
-0.58359
-0.54590
-0.49820
-0.46301
-0.44446
-0.43021
-0.41251
-0.38174
-0.33981
-0.30597
-0.27130
-0.22015
-0.17896
-0.17178
-0.18213
-0.18463
-0.19290
-0.22021
-0.24353
-0.23831
-0.22174
-0.20871
-0.18661
-0.15134
-0.11761
-0.08627
-0.04681
-0.00861
0.03149
0.08740
0.14603
0.18924
0.23209
0.28207
0.31140
0.31900
0.33063
0.33447
0.31802
0.30179
0.28491
0.24719
0.20599
0.17062
0.11816
0.05685
0.00769
-0.04425
-0.10611
-0.15607
-0.19437
-0.23819
-0.27548
-0.29114
-0.30374
-0.31741
-0.31201
-0.29315
-0.28110
-0.26727
-0.24304
-0.22327
-0.21060
-0.19516
-0.18073
-0.17270
-0.16586
-0.15753
-0.15698
-0.16513
-0.17227
-0.17755
-0.18991
-0.20453
-0.20706
-0.20349
-0.20245
-0.19431
-0.17566
-0.15826
-0.13794
-0.10623
-0.07306
-0.04153
0.00098
0.04999
0.08990
0.12717
0.17123
0.20737
0.23325
0.26367
0.28857
0.30203
0.31839
0.33081
0.32059
0.30374
0.29108
0.25894
0.21042
0.17160
0.13684
0.09204
0.05206
0.03058
0.01212
-0.00739
-0.01584
-0.01547
-0.01749
-0.01938
-0.01639
-0.01401
-0.01559
-0.01828
-0.02054
-0.02380
-0.02826
-0.03299
-0.03641
-0.03708
-0.03659
-0.04068
-0.04974
-0.05777
-0.06891
-0.09430
-0.12601
-0.14651
-0.16678
-0.19498
-0.21127
-0.20612
-0.20020
-0.19370
-0.17130
-0.14194
-0.11768
-0.08984
-0.05612
-0.02600
0.00659
0.04852
0.08438
0.11499
0.15170
0.18497
0.20062
0.21048
0.22247
0.22552
0.22174
0.22046
0.21561
0.20483
0.19641
0.18372
0.15881
0.13574
0.11966
0.09921
0.07748
0.06702
0.06665
0.06503
0.06430
0.07062
0.07919
0.08145
0.08047
0.08047
0.07852
0.07300
0.06738
0.06180
0.05527
0.04968
0.04208
0.02679
0.00946
-0.00671
-0.03143
-0.06454
-0.09143
-0.11096
-0.13513
-0.15619
-0.16403
-0.16946
-0.17615
-0.17621
-0.17444
-0.17380
-0.16434
-0.14957
-0.13745
-0.11481
-0.07755
-0.04376
-0.01675
0.01675
0.05096
0.07013
0.08109
0.09430
0.10233
0.10391
0.10641
0.10757
0.10410
0.10123
0.09705
0.08469
0.07086
0.06204
0.05310
0.04196
0.03580
0.03745
0.04056
0.04178
0.04486
0.04999
0.05273
0.05414
0.05679
0.05820
0.05832
0.06058
0.06082
0.05377
0.04510
0.03702
0.02090
-0.00293
-0.02362
-0.04172
-0.06549
-0.08807
-0.10141
-0.11414
-0.12790
-0.13519
-0.13965
-0.14517
-0.14743
-0.14651
-0.14651
-0.14389
-0.13647
-0.12949
-0.12326
-0.11499
-0.10672
-0.09891
-0.08972
-0.08078
-0.07129
-0.05490
-0.03629
-0.02380
-0.01431
-0.00250
0.00433
-0.00085
-0.00946
-0.01352
-0.01785
-0.02625
-0.02997
-0.02319
-0.01175
-0.00397
0.00330
0.01413
0.02240
0.02423
0.02332
0.02374
0.02600
0.02930
0.03217
0.03525
0.04129
0.04694
0.04517
0.03897
0.03397
0.02722
0.01486
0.00256
-0.00421
-0.00922
-0.01486
-0.01944
-0.02197
-0.02380
-0.02930
-0.03995
-0.05096
-0.06052
-0.07434
-0.09119
-0.10062
-0.10214
-0.10507
-0.10550
-0.09491
-0.08072
-0.07251
-0.06854
-0.06412
-0.06070
-0.06241
-0.06775
-0.06964
-0.06454
-0.05814
-0.05273
-0.04337
-0.02924
-0.01810
-0.01108
-0.00354
